{
 "cells": [
  {
   "cell_type": "code",
   "execution_count": 2,
   "metadata": {},
   "outputs": [
    {
     "name": "stdout",
     "output_type": "stream",
     "text": [
      "Initial logits: tensor([[[ 0.0000, 21.4742, 16.1729,  8.9208, 21.5902],\n",
      "         [21.4742,  0.0000,  9.6989, 15.2697,  4.6017],\n",
      "         [16.1729,  9.6989,  0.0000,  4.7560,  4.0100],\n",
      "         [ 8.9208, 15.2697,  4.7560,  0.0000,  6.5103],\n",
      "         [21.5902,  4.6017,  4.0100,  6.5103,  0.0000]],\n",
      "\n",
      "        [[ 0.0000, 11.0390,  1.7975,  7.4636,  9.1241],\n",
      "         [11.0390,  0.0000,  6.5223,  3.7378, 12.3459],\n",
      "         [ 1.7975,  6.5223,  0.0000,  6.0772,  3.4406],\n",
      "         [ 7.4636,  3.7378,  6.0772,  0.0000, 15.0821],\n",
      "         [ 9.1241, 12.3459,  3.4406, 15.0821,  0.0000]]])\n",
      "b (batch size): 2\n",
      "n (number of items): 5\n",
      "Logits after applying temperature: tensor([[[ 0.0000, 35.4049, 26.6646, 14.7079, 35.5962],\n",
      "         [35.4049,  0.0000, 15.9908, 25.1756,  7.5869],\n",
      "         [26.6646, 15.9908,  0.0000,  7.8413,  6.6115],\n",
      "         [14.7079, 25.1756,  7.8413,  0.0000, 10.7336],\n",
      "         [35.5962,  7.5869,  6.6115, 10.7336,  0.0000]],\n",
      "\n",
      "        [[ 0.0000, 18.2003,  2.9636, 12.3054, 15.0431],\n",
      "         [18.2003,  0.0000, 10.7534,  6.1626, 20.3550],\n",
      "         [ 2.9636, 10.7534,  0.0000, 10.0197,  5.6726],\n",
      "         [12.3054,  6.1626, 10.0197,  0.0000, 24.8662],\n",
      "         [15.0431, 20.3550,  5.6726, 24.8662,  0.0000]]])\n",
      "Random values q: tensor([[[0.7886, 0.5895, 0.7539, 0.1952, 0.0050],\n",
      "         [0.3068, 0.1165, 0.9103, 0.6440, 0.7071],\n",
      "         [0.6581, 0.4913, 0.8913, 0.1447, 0.5315],\n",
      "         [0.1587, 0.6542, 0.3278, 0.6532, 0.3958],\n",
      "         [0.9147, 0.2036, 0.2018, 0.2018, 0.9497]],\n",
      "\n",
      "        [[0.6666, 0.9811, 0.0874, 0.0041, 0.1088],\n",
      "         [0.1637, 0.7025, 0.6790, 0.9155, 0.2418],\n",
      "         [0.1591, 0.7653, 0.2979, 0.8035, 0.3813],\n",
      "         [0.7860, 0.1115, 0.2477, 0.6524, 0.6057],\n",
      "         [0.3725, 0.7980, 0.8399, 0.1374, 0.2331]]])\n",
      "lq (logits minus Gumbel noise): tensor([[[ 1.4378, 36.0425, 27.9288, 14.2172, 33.9305],\n",
      "         [35.2381, -0.7655, 18.3551, 25.9965,  8.6466],\n",
      "         [27.5361, 16.3323,  2.1622,  7.1823,  7.0702],\n",
      "         [14.0979, 26.0327,  7.7321,  0.8536, 10.8097],\n",
      "         [38.0135,  7.1223,  6.1412, 10.2633,  2.9645]],\n",
      "\n",
      "        [[ 0.9026, 22.1607,  2.0726, 10.5996, 14.2464],\n",
      "         [17.6070,  1.0411, 11.7026,  8.5893, 20.0046],\n",
      "         [ 2.3550, 12.0721, -0.1915, 11.5391,  5.7092],\n",
      "         [13.7293,  5.3770,  9.6863,  0.8509, 25.5566],\n",
      "         [15.0557, 21.8440,  7.4186, 24.1807, -0.3760]]])\n",
      "logprobs (top k log probabilities): tensor([[[ -1.4378, -14.2172],\n",
      "         [  0.7655,  -8.6466],\n",
      "         [ -2.1622,  -7.0702],\n",
      "         [ -0.8536,  -7.7321],\n",
      "         [ -2.9645,  -6.1412]],\n",
      "\n",
      "        [[ -0.9026,  -2.0726],\n",
      "         [ -1.0411,  -8.5893],\n",
      "         [  0.1915,  -2.3550],\n",
      "         [ -0.8509,  -5.3770],\n",
      "         [  0.3760,  -7.4186]]])\n",
      "indices (top k indices): tensor([[[0, 3],\n",
      "         [1, 4],\n",
      "         [2, 4],\n",
      "         [3, 2],\n",
      "         [4, 2]],\n",
      "\n",
      "        [[0, 2],\n",
      "         [1, 3],\n",
      "         [2, 0],\n",
      "         [3, 1],\n",
      "         [4, 2]]])\n",
      "rows (arange n, repeated): tensor([[[0, 0],\n",
      "         [1, 1],\n",
      "         [2, 2],\n",
      "         [3, 3],\n",
      "         [4, 4]],\n",
      "\n",
      "        [[0, 0],\n",
      "         [1, 1],\n",
      "         [2, 2],\n",
      "         [3, 3],\n",
      "         [4, 4]]])\n",
      "edges (stacked indices and rows): tensor([[[0, 3, 1, 4, 2, 4, 3, 2, 4, 2],\n",
      "         [0, 0, 1, 1, 2, 2, 3, 3, 4, 4]],\n",
      "\n",
      "        [[0, 2, 1, 3, 2, 0, 3, 1, 4, 2],\n",
      "         [0, 0, 1, 1, 2, 2, 3, 3, 4, 4]]])\n",
      "Final result (dense): tensor([[[0, 3, 1, 4, 2, 4, 3, 2, 4, 2],\n",
      "         [0, 0, 1, 1, 2, 2, 3, 3, 4, 4]],\n",
      "\n",
      "        [[0, 2, 1, 3, 2, 0, 3, 1, 4, 2],\n",
      "         [0, 0, 1, 1, 2, 2, 3, 3, 4, 4]]])\n"
     ]
    }
   ],
   "source": [
    "import torch\n",
    "\n",
    "class Sampler:\n",
    "    def __init__(self, temperature, k, sparse=False):\n",
    "        self.temperature = temperature\n",
    "        self.k = k\n",
    "        self.sparse = sparse\n",
    "\n",
    "    def sample_without_replacement(self, logits):\n",
    "        print(\"Initial logits:\", logits)\n",
    "\n",
    "        b, n, _ = logits.shape\n",
    "        print(\"b (batch size):\", b)\n",
    "        print(\"n (number of items):\", n)\n",
    "\n",
    "        logits = logits * torch.exp(torch.clamp(self.temperature, -5, 5))\n",
    "        print(\"Logits after applying temperature:\", logits)\n",
    "\n",
    "        q = torch.rand_like(logits) + 1e-8\n",
    "        print(\"Random values q:\", q)\n",
    "\n",
    "        lq = (logits - torch.log(-torch.log(q)))\n",
    "        print(\"lq (logits minus Gumbel noise):\", lq)\n",
    "\n",
    "        logprobs, indices = torch.topk(-lq, self.k)\n",
    "        print(\"logprobs (top k log probabilities):\", logprobs)\n",
    "        print(\"indices (top k indices):\", indices)\n",
    "\n",
    "        rows = torch.arange(n).view(1, n, 1).to(logits.device).repeat(b, 1, self.k)\n",
    "        print(\"rows (arange n, repeated):\", rows)\n",
    "\n",
    "        edges = torch.stack((indices.view(b, -1), rows.view(b, -1)), -2)\n",
    "        print(\"edges (stacked indices and rows):\", edges)\n",
    "\n",
    "        if self.sparse:\n",
    "            result = (edges + (torch.arange(b).to(logits.device) * n)[:, None, None]).transpose(0, 1).reshape(2, -1)\n",
    "            print(\"Final result (sparse):\", result)\n",
    "            return result, logprobs\n",
    "        print(\"Final result (dense):\", edges)\n",
    "        return edges, logprobs\n",
    "\n",
    "# Sample test to verify the function\n",
    "torch.manual_seed(42)  # Set a seed for reproducibility\n",
    "\n",
    "# Example inputs\n",
    "x = torch.randn(2, 5, 3)  # batch size of 2, 5 items, 3 features\n",
    "logits = torch.cdist(x,x)**2\n",
    "temperature = torch.tensor(0.5)\n",
    "k = 2\n",
    "sparse = False\n",
    "\n",
    "# Create sampler instance\n",
    "sampler = Sampler(temperature=temperature, k=k, sparse=sparse)\n",
    "\n",
    "# Call the function and see the printed output\n",
    "edges, logprobs = sampler.sample_without_replacement(logits)\n"
   ]
  }
 ],
 "metadata": {
  "kernelspec": {
   "display_name": "thesis_env",
   "language": "python",
   "name": "python3"
  },
  "language_info": {
   "codemirror_mode": {
    "name": "ipython",
    "version": 3
   },
   "file_extension": ".py",
   "mimetype": "text/x-python",
   "name": "python",
   "nbconvert_exporter": "python",
   "pygments_lexer": "ipython3",
   "version": "3.9.19"
  }
 },
 "nbformat": 4,
 "nbformat_minor": 2
}
